Colors;Number of occurance
86.019654 -1.139777 7.811005 65.197853 -0.938505 11.990223 39.545828 0.904622 8.924832 125144.000000 64597.000000 50259.000000 
93.306149 0.318635 5.233622 76.388387 -1.863467 10.748959 54.640162 -13.230224 21.966644 174924.000000 46404.000000 18672.000000 
27.527420 -0.442668 1.793904 54.768459 -1.786768 4.044588 85.638748 -0.825640 2.163632 165503.000000 61804.000000 12693.000000 
82.142455 1.869731 3.113705 66.552124 3.216577 3.754838 39.614269 0.908119 9.591763 114805.000000 93281.000000 31914.000000 
44.101463 2.737168 7.246873 69.279341 3.189724 5.482088 60.576472 -19.491169 -20.210334 123733.000000 99160.000000 17107.000000 
19.024147 8.640685 11.996495 7.194115 6.937470 6.408507 51.855474 5.970102 20.221502 136695.000000 58334.000000 44971.000000 
78.328460 -0.924852 8.060160 59.276956 0.290990 10.809397 33.701197 -1.296298 10.355114 93802.000000 92304.000000 53894.000000 
85.104036 1.450062 4.036083 59.924063 3.594699 8.825506 35.490689 1.867861 7.047884 128293.000000 78291.000000 33416.000000 
87.331554 -0.202825 -1.159871 65.007931 -9.071515 -2.299208 35.016125 2.514695 9.636968 172380.000000 40457.000000 27163.000000 
72.891743 2.260104 3.034870 93.939535 0.813802 2.481298 14.942223 3.491316 5.296919 155470.000000 54628.000000 29902.000000 
74.870519 3.237893 12.960179 56.506005 4.860610 13.798180 34.955921 1.318818 2.373148 149637.000000 46718.000000 43645.000000 
48.868530 2.062932 -2.373741 31.849076 1.868937 0.948039 60.418094 -7.558801 23.386648 127467.000000 66708.000000 45825.000000 
76.580158 0.903808 4.114402 51.542036 -2.780423 12.289528 25.894743 5.706408 -15.905975 165669.000000 42552.000000 31779.000000 
74.415857 1.583278 1.904878 52.832531 1.691323 3.219221 69.915658 3.288617 29.076537 171376.000000 47135.000000 21489.000000 
91.146634 -0.056567 0.085393 74.477261 -0.788903 1.120313 43.622279 -7.715354 12.243652 145625.000000 75100.000000 19275.000000 
81.538402 3.046279 7.794292 65.148150 3.321788 19.655387 23.385923 6.463101 17.408946 170590.000000 55980.000000 13430.000000 
68.989439 -3.038251 -0.934217 77.674167 -4.629872 -4.245803 21.051665 0.281922 2.713647 167284.000000 69137.000000 3579.000000 
77.683222 -0.776403 2.658134 85.233428 -0.004465 1.651787 53.800803 0.709564 9.305033 157210.000000 75472.000000 7318.000000 
27.868405 16.159715 26.930991 52.497805 9.648825 18.101242 81.984033 3.747724 11.302530 179420.000000 33340.000000 27240.000000 
73.206965 2.141573 0.624297 49.922035 3.554644 5.378912 31.964121 4.353149 5.389801 187084.000000 40368.000000 12548.000000 
56.078774 7.435895 9.719885 79.750565 2.683588 3.241950 36.656487 7.255492 8.534513 144157.000000 67842.000000 28001.000000 
39.708770 2.367003 1.877798 18.450594 1.578057 1.093984 73.436644 0.689514 2.444237 164450.000000 51226.000000 24324.000000 
80.425887 0.732644 3.400325 60.010842 1.329106 5.504742 13.020340 1.921214 -3.988611 160630.000000 60283.000000 19087.000000 
81.752884 -0.402920 2.603261 65.418597 -1.372854 2.809724 38.371085 -1.141544 4.176887 104933.000000 92397.000000 42670.000000 
45.344914 1.861552 2.048485 83.527744 -2.045896 -0.255043 20.715489 2.081632 2.112646 102813.000000 75482.000000 61705.000000 
95.910914 0.137746 2.128473 23.080296 2.177874 3.435566 61.645865 4.614525 10.973102 124372.000000 60567.000000 55061.000000 
57.014117 1.740332 5.353651 27.505807 1.886693 4.589196 71.120039 1.432027 3.931276 127732.000000 73372.000000 38896.000000 
63.768770 0.393968 2.673165 83.220148 -0.496686 6.578246 28.166402 1.624620 -1.186530 117735.000000 90064.000000 32201.000000 
46.741921 2.215385 -0.608097 34.054344 2.227913 -0.398902 81.372747 0.237716 2.184481 128191.000000 65030.000000 46779.000000 
57.962750 2.136157 6.393786 40.796773 1.778558 7.997474 75.325676 1.810982 5.866981 108475.000000 68364.000000 63161.000000 
37.711800 19.332420 28.125507 93.434126 -0.369378 3.791727 63.457893 8.064426 12.255502 157970.000000 50124.000000 31906.000000 
45.325514 -9.384901 6.644825 56.034157 -8.592758 6.966139 32.613129 -8.983405 6.501475 112310.000000 80284.000000 47406.000000 
55.803565 1.700150 7.956917 77.064396 1.015537 11.340069 21.119073 8.858601 11.494533 102202.000000 98176.000000 39622.000000 
47.806300 38.312864 36.479621 14.588494 14.730026 6.640273 57.308229 3.202112 12.467875 191026.000000 32099.000000 16875.000000 
57.495116 1.417559 -1.098975 19.963452 4.243422 4.067008 55.812597 20.427620 24.693304 141003.000000 71707.000000 27290.000000 
87.800908 -1.271995 8.497175 30.679004 2.642231 9.583191 54.567828 0.760998 20.180737 99551.000000 83820.000000 56629.000000 
51.765538 0.353180 0.537785 21.504795 0.412889 -0.012101 82.210112 -0.609775 0.424569 128497.000000 96446.000000 15057.000000 
48.436189 1.654761 -3.787210 59.415041 9.201651 18.314474 56.050578 34.922049 53.970335 145844.000000 69902.000000 24254.000000 
64.411444 0.235166 4.415282 52.698041 -0.273610 6.181816 78.220701 -0.565667 3.063022 108579.000000 73161.000000 58260.000000 
77.428456 1.512916 -3.304024 54.770070 1.356430 -1.716591 32.930397 0.614896 1.546879 135452.000000 59728.000000 44820.000000 
31.707999 15.725737 25.824884 86.673046 -0.341140 6.662094 55.545296 2.622329 7.831656 131914.000000 55526.000000 52560.000000 
88.747474 -1.372000 12.697426 63.614988 5.873465 19.835290 29.262311 7.289586 11.239060 103444.000000 82488.000000 54068.000000 
70.954304 1.122260 8.392223 85.396022 -0.301712 5.547970 50.124943 1.996001 9.715316 133486.000000 87940.000000 18574.000000 
26.465482 0.607050 0.984320 75.641991 0.144000 0.168568 49.935589 0.153344 0.259546 106128.000000 77520.000000 56352.000000 
82.041912 0.653770 -11.954950 57.502224 1.429008 -13.852089 19.632283 2.423980 -14.262922 171476.000000 57211.000000 11313.000000 
71.716076 1.656539 5.054002 41.509451 1.938215 6.823816 13.904773 0.412042 -2.066329 103944.000000 90888.000000 45168.000000 
47.484139 -0.001331 0.002551 74.345998 0.008116 -0.028896 63.909573 0.036162 -0.071378 115486.000000 86671.000000 37843.000000 
25.462834 1.717453 1.139242 79.863137 0.931277 3.752060 52.204972 1.243625 3.008789 92206.000000 76809.000000 70985.000000 
9.143557 4.833595 4.016695 45.553307 34.734315 44.912938 31.350322 18.312928 21.015260 199462.000000 26047.000000 14491.000000 
73.555364 4.087538 4.988865 68.136901 4.135570 4.531358 38.150381 0.241373 7.999870 137754.000000 96557.000000 5689.000000 
85.767480 1.163175 -5.307710 69.601524 2.052334 -3.444431 43.973399 2.592719 -6.122798 134501.000000 94108.000000 11391.000000 
48.314447 0.964535 10.381006 71.176377 -0.326485 9.481927 17.397234 1.031522 7.798783 142056.000000 86526.000000 11418.000000 
35.649875 15.264721 28.931708 85.486126 0.523759 6.713803 10.838685 14.852104 10.244528 164014.000000 41082.000000 34904.000000 
64.013837 -10.334252 10.729873 75.022475 -7.183209 7.876657 49.600203 -10.375007 10.794272 108495.000000 80599.000000 50906.000000 
20.537222 0.733320 -0.330943 71.754124 -2.626890 1.461333 47.758892 -0.851970 0.740863 132657.000000 70979.000000 36364.000000 
91.367338 -0.032117 -1.538253 65.967171 -3.971799 2.801590 31.552594 7.989071 -28.535658 185387.000000 46236.000000 8377.000000 
44.703854 22.506399 33.767375 89.647230 1.599633 5.438092 28.832717 19.404133 25.749729 133756.000000 59651.000000 46593.000000 
33.870119 -1.591040 -11.396569 66.090011 -2.633922 -10.758066 54.689485 -1.935164 38.834204 156515.000000 52589.000000 30896.000000 
84.617886 0.357952 7.526995 67.620188 0.325354 10.173898 25.858995 -0.230189 4.408767 151819.000000 74983.000000 13198.000000 
47.340152 0.402237 6.032857 75.416729 0.980472 2.840925 33.014466 0.186702 4.774189 95574.000000 81251.000000 63175.000000 
77.000525 1.314570 1.072229 46.502774 0.310672 3.328906 62.549028 30.190424 12.397924 111713.000000 91836.000000 36451.000000 
83.243657 1.575208 6.129644 68.516727 2.120339 7.180630 37.337657 2.563365 7.975926 129096.000000 87564.000000 23340.000000 
7.868559 -3.853858 -2.349973 22.216830 -9.063794 -1.705700 77.516814 10.278620 8.164149 127157.000000 87050.000000 25793.000000 
69.562745 1.689622 2.748099 50.696203 2.399567 1.660396 20.234927 3.201237 -6.350804 106938.000000 82012.000000 51050.000000 
80.400790 0.681710 9.512961 69.221506 -5.395011 48.161400 25.325378 4.694761 9.283957 173058.000000 35253.000000 31689.000000 
51.979649 1.432573 4.897525 26.291142 0.758934 3.102493 77.500915 0.752867 5.761718 145315.000000 53213.000000 41472.000000 
35.899450 1.639510 -2.842338 59.263540 2.191947 -1.806923 14.900414 1.381654 -2.251817 133609.000000 67907.000000 38484.000000 
59.946422 0.005803 -2.938086 66.609088 0.476043 -2.594621 52.752947 -0.070617 -3.047504 108696.000000 73272.000000 58032.000000 
93.964248 -0.914847 1.783114 77.020989 -1.305333 3.238172 47.926700 -0.739508 3.317822 136603.000000 63922.000000 39475.000000 
90.246956 0.027922 3.733510 61.654073 2.309302 10.289751 23.816153 6.084800 -26.108468 182304.000000 42329.000000 15367.000000 
51.609793 0.042687 1.612160 66.990264 -0.052546 1.656007 21.951887 0.036458 1.774040 110039.000000 98763.000000 31198.000000 
54.256162 -1.882925 0.999726 75.876541 -2.175416 3.262168 30.298551 0.967462 0.541928 113098.000000 109723.000000 17179.000000 
38.001082 16.797970 14.825003 80.995319 3.377779 27.839256 71.238123 1.571093 5.139612 170640.000000 40491.000000 28869.000000 
10.603309 0.002238 -1.720013 39.699262 0.120299 2.545106 78.537756 -0.569421 0.566191 114428.000000 78072.000000 47500.000000 
54.121638 7.520826 0.210421 21.537500 5.686300 2.554136 84.528989 1.951841 1.213358 100019.000000 82792.000000 57189.000000 
37.535324 1.216482 -0.067261 53.300563 4.477960 4.102860 84.419937 3.429170 8.158719 151879.000000 49426.000000 38695.000000 
77.103248 -0.204614 4.162736 38.307820 -7.495296 -10.878652 30.237304 1.955687 5.699468 87511.000000 83163.000000 69326.000000 
65.200295 9.114053 19.234608 47.929998 15.721276 27.935860 17.763808 8.961517 11.575033 114166.000000 104296.000000 21538.000000 
16.954941 1.407264 -7.496584 85.163735 0.923866 1.658993 54.346693 0.942161 0.804909 181761.000000 33788.000000 24451.000000 
58.097690 1.954657 8.761569 31.117500 3.718734 5.983285 86.642384 -0.081771 1.575651 128422.000000 56930.000000 54648.000000 
82.173105 1.481093 4.595728 59.444052 0.909598 -1.026893 42.987793 12.181791 10.360489 123458.000000 68760.000000 47782.000000 
95.343481 -0.453835 0.565962 75.586715 0.688128 2.671949 20.897920 1.385590 -2.790058 140731.000000 70638.000000 28631.000000 
9.172239 9.474892 5.495782 26.370326 16.760345 10.165014 58.423631 14.333647 10.298326 120239.000000 86072.000000 33689.000000 
81.179401 0.813241 -1.975823 61.678255 1.491707 -4.844249 32.832875 1.233179 -1.686739 130463.000000 72024.000000 37513.000000 
80.537193 0.845944 4.551347 53.992614 1.374215 7.193902 59.552355 -15.725478 -2.831719 127793.000000 81865.000000 30342.000000 
79.759768 3.985875 19.927866 45.037241 7.179489 22.994577 49.172247 -6.897599 -10.225748 152826.000000 66158.000000 21016.000000 
83.679866 0.945524 7.856803 64.553052 2.988920 10.768797 39.003198 4.911547 12.428114 123164.000000 71468.000000 45368.000000 
81.538309 0.544426 12.043978 71.777124 3.451191 37.528619 50.290229 6.127681 18.708584 179684.000000 37712.000000 22604.000000 
62.956557 3.449008 9.665721 77.030637 1.688332 4.561811 36.728814 4.304844 7.741914 129610.000000 80724.000000 29666.000000 
61.747857 2.944790 -0.124266 82.905605 1.727982 -2.477160 37.930190 4.190168 0.538885 145218.000000 57437.000000 37345.000000 
91.147784 -0.364572 3.347129 83.495546 -0.591958 7.520383 75.250539 -0.554598 9.264566 100764.000000 87896.000000 51340.000000 
85.646305 1.075930 3.474980 66.926189 -0.182474 8.094702 41.059221 -2.050787 9.890911 158873.000000 59288.000000 21839.000000 
5.996143 2.625400 -6.821846 25.701164 2.439036 -1.211550 51.590256 3.005109 10.016259 196608.000000 23502.000000 19890.000000 
20.459271 2.311579 -15.053969 45.764198 0.084328 -22.051332 85.175409 -0.782773 3.299298 163185.000000 46868.000000 29947.000000 
10.563549 -0.816211 2.224177 53.803121 0.609468 12.836966 74.887117 0.546536 11.885467 115044.000000 67300.000000 57656.000000 
74.402651 2.146134 9.989700 50.193846 -0.428440 3.708852 24.288619 -0.629989 3.309601 84383.000000 83783.000000 71834.000000 
93.973068 -0.114279 -2.540423 80.353056 -0.079102 -4.268771 47.379611 -8.376686 -9.723845 137876.000000 74661.000000 27463.000000 
44.881962 -0.042673 4.450830 28.083385 0.149164 3.654778 78.302720 -0.533867 3.159052 111235.000000 70685.000000 58080.000000 
67.650856 0.361093 67.299096 65.453455 0.646953 13.721263 19.655143 1.054491 12.353382 143501.000000 69151.000000 27348.000000 
86.008084 1.333129 7.378116 12.683689 8.558902 -2.050494 45.490738 1.534121 4.022564 131012.000000 65695.000000 43293.000000 
28.024164 3.574505 -3.220921 50.947345 4.365936 1.028613 80.796986 0.748897 3.088250 122496.000000 79085.000000 38419.000000 
77.366086 1.095635 2.686251 60.360749 2.678459 4.270300 38.940663 -9.850806 -5.659194 153507.000000 54418.000000 32075.000000 
37.528965 16.800994 14.039656 50.101877 12.250410 9.352754 15.119668 14.253593 11.416411 153481.000000 67664.000000 18855.000000 
22.603361 32.343559 -52.572019 11.193715 15.758369 -27.646094 65.767194 -0.589459 4.257252 136453.000000 73303.000000 30244.000000 
71.063073 1.143859 8.411091 47.076481 3.722733 12.137516 21.043462 6.061786 8.615656 100839.000000 92335.000000 46826.000000 
48.603471 3.570663 1.717480 84.722766 0.556594 7.588392 26.540919 6.278000 10.513037 140372.000000 54370.000000 45258.000000 
35.406472 0.525349 -16.033381 58.604295 -1.802093 -18.525123 59.718219 0.612353 9.638211 101375.000000 85287.000000 53338.000000 
46.978520 8.393458 15.119317 75.394260 3.492832 8.657633 25.397749 7.305406 11.403186 105852.000000 96314.000000 37834.000000 
80.893034 0.052768 0.053216 72.809379 0.135295 0.294028 55.980362 5.075471 20.134698 131730.000000 92264.000000 16006.000000 
55.236259 1.816921 9.111270 73.991716 0.297182 8.196938 22.717959 2.326416 7.064478 119764.000000 67928.000000 52308.000000 
67.996353 0.290937 1.448459 30.359092 1.649754 5.863808 91.248814 -0.543069 2.811449 171525.000000 50361.000000 18114.000000 
25.503211 -2.868505 -0.387554 75.134267 1.156656 6.520015 47.185452 -2.020925 1.142630 127207.000000 61874.000000 50919.000000 
89.287835 -0.723792 9.470958 75.486224 -0.848834 10.177822 44.956864 -1.260369 9.837204 149379.000000 68917.000000 21704.000000 
23.929537 4.602571 -18.070146 74.606351 2.040795 0.145007 50.961585 2.917884 4.349738 117088.000000 75068.000000 47844.000000 
60.156166 -9.792722 -2.820746 82.884616 -0.183686 2.137349 31.044405 -4.622434 -0.319638 127590.000000 87910.000000 24500.000000 
88.691151 -0.525926 2.491958 79.236804 0.217390 3.312176 60.941520 0.752019 2.161608 153807.000000 66975.000000 19218.000000 
23.940632 6.823596 15.893358 48.792069 6.061826 16.350052 8.041714 15.620611 9.514739 130875.000000 73766.000000 35359.000000 
29.835149 8.792176 6.261864 14.666527 6.938198 5.553312 65.261529 5.074465 3.244937 125817.000000 91328.000000 22855.000000 
58.385299 0.775226 11.206460 32.172906 2.925894 11.291769 82.579740 -0.338526 5.209852 135382.000000 69104.000000 35514.000000 
31.715841 1.411631 2.340005 51.296864 5.609130 4.110325 88.980105 -0.446384 1.451735 111502.000000 89217.000000 39281.000000 
24.545293 1.341819 3.471901 60.020219 1.816984 12.086063 38.071934 23.165936 9.929257 137263.000000 58625.000000 44112.000000 
91.067475 -0.972866 6.263478 69.076883 -0.408934 3.387236 27.214832 0.980606 0.567251 162277.000000 40603.000000 37120.000000 
85.658474 1.803874 10.587506 68.069669 2.620894 14.277115 34.023028 1.675376 9.095850 149897.000000 71433.000000 18670.000000 
45.024393 5.392760 8.388853 82.935011 2.249700 2.721360 22.163234 5.420869 7.614853 96535.000000 78225.000000 65240.000000 
85.840820 0.908522 8.716601 57.269704 2.300182 9.452016 18.750499 5.807533 9.069602 103106.000000 85682.000000 51212.000000 
37.679361 2.351399 6.371246 64.566541 0.656452 6.142722 21.793146 -0.520977 3.913604 95540.000000 74867.000000 69593.000000 
57.674413 2.493713 9.058997 30.002365 5.941493 9.838201 82.027034 0.450315 6.127612 97481.000000 80683.000000 61836.000000 
12.289920 0.913384 -2.061409 21.988676 1.302480 -3.503647 30.411621 1.913395 -5.129222 98360.000000 79005.000000 62635.000000 
84.899240 2.161335 6.302299 63.833555 3.148888 6.355673 31.969387 1.919752 2.963191 142370.000000 66680.000000 30950.000000 
68.676189 3.346986 58.374984 75.702219 0.949832 5.417622 47.943872 18.973257 22.196700 144274.000000 66822.000000 28904.000000 
36.334430 0.011498 0.528124 72.241469 -0.472827 2.168233 39.866595 -17.336807 25.513493 145306.000000 66759.000000 27935.000000 
74.201318 -0.422543 8.810681 56.896526 0.104411 13.929099 33.432152 3.110190 12.774272 131990.000000 57834.000000 50176.000000 
41.019658 6.234950 3.955124 67.809213 4.801528 1.870616 86.998679 4.046516 9.735747 143680.000000 58094.000000 38226.000000 
49.841749 12.147493 12.601828 25.061452 8.872998 6.588100 80.156442 2.946431 7.251192 131736.000000 65341.000000 42923.000000 
76.968953 1.653985 10.409367 13.101275 2.575233 -6.394158 50.445809 1.002652 3.763293 175540.000000 32680.000000 31780.000000 
31.824312 29.552876 27.275058 38.196964 35.077149 34.731376 51.388504 2.382481 33.636063 132331.000000 103208.000000 4461.000000 
78.046588 3.216580 6.603867 61.841943 3.447380 18.947934 25.024729 6.179788 16.797949 151660.000000 61676.000000 26664.000000 
14.488333 -3.172072 -14.879705 42.082253 -6.792136 -3.076449 64.535207 -12.971724 21.870391 153519.000000 61624.000000 24857.000000 
78.858628 -7.680814 4.487357 53.061636 -8.455735 10.130311 30.840865 -4.063682 7.741506 174966.000000 38827.000000 26207.000000 
76.489019 0.985670 4.364494 56.862366 1.484896 7.227265 24.001134 6.448872 7.136291 167648.000000 49278.000000 23074.000000 
90.341181 0.593661 2.276367 27.818331 5.817317 2.762885 68.241037 1.843207 1.998132 179167.000000 32628.000000 28205.000000 
23.261910 3.816467 -11.335361 38.248184 3.573150 -8.461905 77.167305 -2.158410 10.949960 158247.000000 79369.000000 2384.000000 
25.950988 25.986276 5.455143 80.213058 1.117925 -0.962898 74.633881 5.220730 56.108999 141823.000000 72348.000000 25829.000000 
23.991425 -0.407385 3.405203 53.583724 -8.522871 34.295672 78.900127 -0.437567 2.897854 122089.000000 75520.000000 42391.000000 
32.117247 1.950301 5.277438 56.435060 3.967303 6.766495 37.759814 24.948518 24.278211 154563.000000 57113.000000 28324.000000 
38.230320 15.800661 19.281347 22.464257 13.413303 16.291955 73.304371 1.786276 5.337232 154763.000000 71100.000000 14137.000000 
25.912282 4.156437 3.844668 61.234288 0.339094 4.093068 42.453527 32.603659 29.083859 172591.000000 47495.000000 19914.000000 
52.145930 3.530609 7.632576 13.906110 2.790975 4.631560 76.601218 1.382148 4.162144 93080.000000 80032.000000 66888.000000 
60.196436 2.258308 9.416346 31.144278 1.417083 3.096358 75.063690 -2.063921 -6.142467 137810.000000 64585.000000 37605.000000 
70.572390 2.173511 0.558035 17.761423 -1.741568 -3.172160 44.311335 0.677453 -0.878379 132000.000000 71663.000000 36337.000000 
26.170300 5.926884 9.288973 51.294557 4.155718 7.959897 79.621524 2.976414 4.466831 113619.000000 79035.000000 47346.000000 
51.563274 0.188180 -18.062075 57.167109 16.126708 -2.000431 19.335821 1.480146 -13.437180 137394.000000 60745.000000 41861.000000 
10.071677 -0.441176 -11.406769 38.557244 10.262398 14.781829 78.748691 -0.747682 0.163782 158514.000000 47864.000000 33622.000000 
90.102214 0.832112 4.459460 71.228722 1.291606 6.154829 29.356905 -4.240939 9.816898 123556.000000 101404.000000 15040.000000 
17.639752 11.670718 12.727364 56.235482 2.958885 19.039998 86.350727 -0.292983 9.389423 105797.000000 68268.000000 65935.000000 
31.252485 20.433938 23.164861 48.022634 20.995205 33.488284 17.491428 13.976658 14.466294 115942.000000 63869.000000 60189.000000 
64.770578 0.759164 14.471978 56.824218 1.337580 17.725524 83.372873 0.898206 9.765347 169100.000000 53310.000000 17590.000000 
14.893031 4.692972 2.863910 44.370655 3.647825 2.520590 87.005281 1.465737 -0.181523 124360.000000 90107.000000 25533.000000 
85.199501 1.883897 6.388280 57.851809 1.964555 7.628371 19.326391 1.332965 6.045749 167437.000000 40062.000000 32501.000000 
75.060710 4.057641 -3.588734 54.905296 4.745084 -5.439548 27.779230 4.764059 -6.122248 150131.000000 61086.000000 28783.000000 
50.751381 4.226306 15.060346 71.841106 2.615794 12.536322 28.667442 4.595781 14.820296 112569.000000 99772.000000 27659.000000 
24.824090 1.837481 -3.028552 51.568617 0.971638 -2.323492 84.098690 2.361199 1.827274 90555.000000 88878.000000 60567.000000 
80.140484 -0.026731 9.921165 88.969673 -0.241578 7.846195 68.044608 -0.296879 12.317088 125402.000000 90226.000000 24372.000000 
73.322224 4.210232 2.422961 54.795183 5.143647 4.104427 31.658452 4.238527 0.626216 159159.000000 57374.000000 23467.000000 
49.647188 2.237774 6.645789 85.293261 0.560767 3.233931 28.675081 2.337600 6.619421 151903.000000 48813.000000 39284.000000 
87.684565 -0.126093 0.307791 60.467971 -0.404337 2.492356 18.365848 0.531678 -1.286691 155765.000000 47484.000000 36751.000000 
65.612221 1.010708 2.975433 48.939182 1.168299 3.438716 75.491046 8.034229 18.646193 188062.000000 44102.000000 7836.000000 
53.046627 1.125549 1.458777 18.322020 0.956699 0.158909 77.291731 0.415678 5.010218 101472.000000 70472.000000 68056.000000 
30.274309 -5.548507 -13.112771 9.146704 -1.596533 -10.289329 66.258182 2.412958 -9.078038 199231.000000 26911.000000 13858.000000 
30.059501 -0.041267 0.795016 95.564874 -0.203426 0.824381 53.341201 0.031186 2.936922 93570.000000 87161.000000 59269.000000 
54.338207 -3.322608 21.626166 72.780996 -3.082924 20.839930 26.573752 -9.272889 21.161489 129201.000000 58772.000000 52027.000000 
23.939093 1.694116 -1.226778 13.200287 1.374559 -0.321722 57.423734 1.748383 1.407531 181324.000000 42694.000000 15982.000000 
84.540758 0.182250 7.848656 66.169400 1.987593 11.133332 34.912888 5.959462 12.294546 117102.000000 63908.000000 58990.000000 
27.739585 9.371341 11.079450 54.056541 4.611164 9.129815 84.267501 3.675467 5.257112 107742.000000 81706.000000 50552.000000 
38.679781 -2.865387 -2.749471 77.418152 -1.888496 3.255409 30.976661 5.464889 10.932472 159598.000000 62073.000000 18329.000000 
61.883977 -0.098586 7.263435 77.959325 -0.852133 5.374668 55.914720 -18.600369 25.750436 152134.000000 75321.000000 12545.000000 
89.768163 0.423802 1.070236 80.943582 -0.829785 4.395104 61.621152 -3.869353 14.348633 165762.000000 58805.000000 15433.000000 
84.287399 -0.168994 0.728136 58.138862 0.465034 1.786337 17.096686 0.536327 0.383127 219988.000000 10084.000000 9928.000000 
63.152677 1.058239 8.052585 79.965925 -0.068098 6.590824 35.874092 1.616205 7.072744 119258.000000 80447.000000 40295.000000 
32.122302 -6.300722 -5.131149 81.203271 -6.701450 10.238822 56.290690 -10.338084 19.584716 156624.000000 49375.000000 34001.000000 
92.235437 0.388197 3.885068 66.526907 4.121228 9.798307 23.276212 2.316480 3.428662 146115.000000 57140.000000 36745.000000 
39.421980 2.935273 3.227016 28.748397 3.107016 2.069394 16.920502 3.029724 1.898477 105264.000000 89832.000000 44904.000000 
77.381348 -1.160333 3.809284 54.195168 -2.115324 2.531225 33.515811 -1.042235 2.355015 143392.000000 81559.000000 15049.000000 
50.357485 1.099018 3.172441 72.648173 0.943596 3.060697 22.437098 1.460782 3.271655 97384.000000 91336.000000 51280.000000 
76.733996 1.508367 2.666560 57.522501 2.530745 11.145878 30.751615 2.601123 5.966363 148881.000000 64604.000000 26515.000000 
79.911649 -0.442692 0.516250 54.966537 0.974589 2.436662 23.979180 1.434437 2.811186 89650.000000 89196.000000 61154.000000 
73.401303 1.489049 9.062653 12.098957 3.847209 -7.899030 37.125662 3.848030 2.813894 121792.000000 70291.000000 47917.000000 
46.619980 1.876442 3.421744 20.844212 1.186188 2.642694 73.929828 1.161713 2.630106 96419.000000 72507.000000 71074.000000 
30.949654 28.175569 5.556523 82.546165 2.498938 1.808027 75.383332 1.598149 52.280431 177596.000000 39746.000000 22658.000000 
14.284185 -3.845475 -11.030617 38.533385 -6.277884 -0.553874 71.590464 -2.865465 -0.239211 183131.000000 48808.000000 8061.000000 
88.430226 -0.083629 7.104159 59.293351 0.549422 9.800468 17.704296 -2.873398 6.097074 178489.000000 35879.000000 25632.000000 
88.204191 -0.276194 0.914389 52.026541 -0.884313 -1.992014 19.478083 3.233062 -2.577577 200772.000000 27310.000000 11918.000000 
88.731533 2.450895 9.005358 76.283311 3.184952 11.445442 43.759935 2.673973 12.838744 127506.000000 90773.000000 21721.000000 
69.139970 2.123473 13.258268 54.294490 3.307284 9.384936 38.491871 7.854689 7.951066 127632.000000 69650.000000 42718.000000 
43.810819 0.833353 -2.770689 77.605458 1.409931 0.912814 28.221348 1.104127 -2.537018 82911.000000 79815.000000 77274.000000 
65.606960 2.488081 11.915875 85.339563 0.745788 8.959896 26.707493 4.033547 7.365564 153575.000000 47875.000000 38550.000000 
70.132214 4.156135 10.908850 92.433699 0.276927 7.350292 34.399599 6.299335 5.000388 123846.000000 70055.000000 46099.000000 
76.204664 4.716607 9.286678 36.597760 9.577830 11.658380 48.637429 -7.893191 -34.025005 159764.000000 69141.000000 11095.000000 
23.150480 17.798255 16.653892 44.492768 3.608917 23.559332 80.027470 1.374475 7.129018 112982.000000 81066.000000 45952.000000 
96.757208 -1.716915 1.952060 91.682096 -3.593355 6.197443 85.056492 -4.421760 8.424514 111510.000000 100317.000000 28173.000000 
84.912059 2.567181 7.213945 65.939316 15.333959 26.243620 44.880614 3.939322 9.754005 109059.000000 106967.000000 23974.000000 
21.042867 -0.372866 -10.226183 66.478585 -0.304951 -1.744321 59.950604 -6.349879 48.636085 155052.000000 75584.000000 9364.000000 
76.029175 1.164018 2.268540 90.976860 0.127139 0.820233 46.623207 4.826148 3.785191 127254.000000 60562.000000 52184.000000 
59.216351 2.961208 -2.017710 76.422825 2.348884 -2.600785 38.454151 3.175472 -1.904525 106886.000000 104558.000000 28556.000000 
44.605324 0.421405 -1.097897 72.669741 1.094088 11.085256 20.053467 7.301828 9.089574 121193.000000 88366.000000 30441.000000 
67.802136 0.984491 3.336233 54.233431 1.104198 4.179587 24.462640 -0.024937 3.760738 120267.000000 61802.000000 57931.000000 
61.207197 4.200691 11.599241 33.421266 6.357045 13.016303 94.401450 -0.206776 1.008900 143254.000000 58703.000000 38043.000000 
14.895656 1.067422 -13.326047 44.882550 27.033819 21.061017 57.987975 -8.937668 12.969577 165035.000000 51973.000000 22992.000000 
46.957323 1.253330 13.234447 77.109790 -2.524685 3.869618 17.417724 2.750889 8.686456 124370.000000 58303.000000 57327.000000 
81.506210 1.564497 9.856355 25.886407 8.844366 15.293157 61.192855 5.671824 14.842934 117399.000000 63020.000000 59581.000000 
9.017620 -10.560600 3.314603 39.215826 -20.715634 11.130228 82.656282 -3.922072 10.247790 185689.000000 35551.000000 18760.000000 
35.106641 0.927724 5.558029 63.564000 -0.875796 5.677142 88.603516 0.299548 3.835521 188125.000000 41660.000000 10215.000000 
19.987382 -4.942223 -13.718150 45.823783 -5.654969 -1.359094 58.305096 -15.541855 23.917216 146227.000000 73989.000000 19784.000000 
18.135292 4.097919 -1.144291 30.606530 3.948738 -1.204423 86.156114 3.578596 -1.147537 118993.000000 93952.000000 27055.000000 
28.255556 18.540738 7.102557 84.157839 1.286844 5.639871 64.708174 3.461072 8.297824 165308.000000 56841.000000 17851.000000 
80.649139 1.775560 5.217568 61.168097 2.925611 4.918606 31.640501 3.298297 4.886768 131378.000000 77750.000000 30872.000000 
88.489939 1.561774 13.499714 66.458398 3.835784 8.272713 44.395579 6.239757 12.607893 115485.000000 76335.000000 48180.000000 
87.147364 -0.522502 0.901568 32.918437 -0.465052 2.275086 58.547848 -1.903448 2.901369 130288.000000 87321.000000 22391.000000 
65.922534 2.648096 7.120125 51.540223 43.719511 -15.834080 42.082354 -12.080792 31.298434 181001.000000 44669.000000 14330.000000 
47.602711 -2.582115 -1.935773 73.932328 3.912000 10.638174 25.117639 1.549148 -0.515532 163003.000000 52685.000000 24312.000000 
71.854849 0.561151 3.929013 53.013006 -0.665510 9.485966 23.697462 0.771452 4.547062 138349.000000 83327.000000 18324.000000 
79.253746 -1.291952 6.504446 90.283422 -0.123086 -1.827207 53.266763 0.821777 6.857122 130264.000000 55868.000000 53868.000000 
77.073397 0.308057 1.533197 60.529957 1.438998 3.600484 35.150177 4.902478 11.263076 103592.000000 103495.000000 32913.000000 
79.616559 2.992617 7.314991 63.181216 2.775527 17.217507 24.206318 5.794865 15.494344 174294.000000 48810.000000 16896.000000 
47.135105 2.447303 -3.464258 27.547639 2.243581 -3.289435 83.025761 0.723875 -3.531123 137733.000000 56781.000000 45486.000000 
49.715014 4.279791 -6.244916 74.113928 2.603555 -1.016884 13.965565 0.379520 1.780335 156388.000000 49978.000000 33634.000000 
22.898319 4.155007 4.829458 46.688724 7.060606 7.952110 92.943870 -0.270779 6.321227 154361.000000 56576.000000 29063.000000 
30.092484 6.858212 8.916242 59.561956 4.882816 11.328036 82.164865 3.172592 7.903945 155225.000000 42923.000000 41852.000000 
57.428191 4.690708 13.905519 83.042532 2.680042 12.368752 27.522858 5.971033 12.529286 155219.000000 55237.000000 29544.000000 
54.066727 5.003077 6.435270 26.006151 5.170853 4.812498 77.939539 3.735658 5.496485 91243.000000 85684.000000 63073.000000 
31.608890 1.098930 2.581084 52.995602 -0.633531 13.125904 84.155177 2.516924 7.828995 107104.000000 79118.000000 53778.000000 
49.464594 5.419197 12.934859 36.141435 6.022652 13.733062 82.090518 2.119937 4.489380 168662.000000 64063.000000 7275.000000 
88.108800 -0.001384 7.172769 61.737914 -1.204816 10.223993 24.483871 7.812073 10.302576 126879.000000 67730.000000 45391.000000 
44.584595 4.820574 8.195744 28.567508 5.095479 7.414735 68.546171 1.661998 8.359207 136357.000000 75879.000000 27764.000000 
71.948539 20.679636 18.145151 51.572295 32.205053 21.622609 31.564351 20.422420 16.133728 111150.000000 75740.000000 53110.000000 
35.004780 23.513537 26.306945 68.431345 3.125664 9.430123 25.535150 9.899324 11.693556 119844.000000 85541.000000 34615.000000 
48.475379 1.779205 6.594588 71.796600 0.941228 9.056628 25.272483 1.900516 7.925413 145329.000000 60233.000000 34438.000000 
41.683797 19.716363 35.125575 37.390598 5.776346 9.369390 77.990479 4.124706 9.601035 156504.000000 54990.000000 28506.000000 
41.265624 -1.788292 9.413122 80.535327 0.610958 5.107527 18.616712 0.370375 4.377398 117032.000000 73989.000000 48979.000000 
84.033599 -1.082055 8.235409 64.629762 1.422461 13.762912 25.254148 14.057937 19.754263 102042.000000 92351.000000 45607.000000 
6.692212 -0.372027 -0.593786 40.290593 2.370798 11.350773 76.502660 1.464959 -1.451921 165758.000000 45621.000000 28621.000000 
51.718496 26.377713 13.607186 81.212637 8.931288 5.285198 24.155165 21.792191 12.254686 153641.000000 57343.000000 29016.000000 
89.669266 0.321253 3.307709 76.692691 1.051619 7.645963 49.658317 1.731392 10.920465 179187.000000 44476.000000 16337.000000 
79.388568 1.366088 5.440695 63.542150 2.356173 7.691876 28.789357 2.633743 7.144158 121847.000000 104039.000000 14114.000000 
80.335522 1.291710 8.361030 56.286414 4.851388 15.352922 27.729170 3.546185 12.708457 159040.000000 57407.000000 23553.000000 
52.050908 1.462932 14.496286 75.085604 -2.453633 1.375368 25.842372 -1.520006 9.393555 91054.000000 86408.000000 62538.000000 
52.330743 2.380650 5.484776 84.931508 1.009457 0.174776 33.374276 2.309497 5.207586 122729.000000 88903.000000 28368.000000 
58.068202 1.953651 4.632995 84.589420 1.353021 -0.505652 34.812164 2.164085 5.778732 157312.000000 70947.000000 11741.000000 
69.200704 3.505761 2.783419 50.148457 4.517498 3.893980 58.722796 4.273226 41.918034 162537.000000 69216.000000 8247.000000 
19.051209 6.919786 7.112158 73.964131 0.771539 1.735612 41.915430 6.079283 7.260151 115896.000000 62617.000000 61487.000000 
61.790082 0.483217 4.567100 83.784545 -0.031710 0.382873 37.590002 0.822315 2.951011 148233.000000 48168.000000 43599.000000 
86.623004 -5.943400 6.583002 61.607300 -6.248829 6.422913 86.440884 -9.960518 40.937083 137755.000000 75974.000000 26271.000000 
88.572286 0.571413 4.440560 68.950893 3.506823 5.183319 46.388663 5.500856 6.525513 145502.000000 58526.000000 35972.000000 
56.409943 4.722579 8.992460 29.603947 4.162621 6.130569 73.603164 3.427293 10.145717 162487.000000 39549.000000 37964.000000 
18.810887 1.085535 -0.144480 50.241109 0.889152 0.904376 83.704870 -0.702797 6.666623 141510.000000 68145.000000 30345.000000 
52.011122 4.409162 13.815034 26.096632 -7.779099 -0.354663 73.568695 0.967848 10.745450 113804.000000 65196.000000 61000.000000 
82.869594 1.662739 5.493501 68.775155 2.943260 6.439553 39.417691 3.168962 7.554578 121643.000000 85688.000000 32669.000000 
49.565558 1.153322 -3.730601 79.824184 0.861132 2.827312 35.830158 1.388900 -3.880373 122593.000000 63986.000000 53421.000000 
55.023679 -2.160475 3.882187 33.905217 -0.290552 0.685346 81.804635 -0.071632 2.507687 116750.000000 65818.000000 57432.000000 
47.123555 -1.047057 -12.411256 68.053702 -1.842904 -11.725160 32.172669 -0.804791 2.283316 138457.000000 67446.000000 34097.000000 
82.888543 2.009201 4.762505 66.141608 3.402118 7.238135 37.187307 5.939566 9.821921 140547.000000 72192.000000 27261.000000 
90.029672 -0.361446 7.706798 57.483952 2.072661 10.067939 64.589478 -10.749883 35.141422 192818.000000 27890.000000 19292.000000 
79.714900 0.157791 3.924132 58.887928 1.069911 8.580281 30.282367 1.285410 5.479245 113006.000000 99643.000000 27351.000000 
69.178458 -7.148260 0.365010 81.560915 1.464432 5.617866 49.275539 -7.565547 0.321270 153230.000000 61844.000000 24926.000000 
55.321315 1.553720 5.174349 71.360503 1.066346 5.488589 32.152900 1.680538 7.955155 113286.000000 68518.000000 58196.000000 
30.425243 1.410918 3.264654 55.495642 0.009199 -1.011277 85.804152 -0.700542 3.686687 128462.000000 87557.000000 23981.000000 
84.837744 0.333782 1.280888 59.128911 1.543420 -5.923621 28.507771 7.522172 -27.256207 159828.000000 40340.000000 39832.000000 
80.555758 0.126220 2.767631 60.094932 0.499528 2.889651 16.683446 2.062457 -10.796530 140792.000000 68522.000000 30686.000000 
78.997974 3.060769 6.825614 63.616638 3.273130 20.100272 25.584699 6.179451 18.049434 175840.000000 49670.000000 14490.000000 
75.519939 -0.716903 5.542511 51.090714 -0.487607 4.664166 16.241803 0.032270 3.192702 118081.000000 96208.000000 25711.000000 
88.190318 0.738638 4.099567 96.527521 0.192763 2.105376 25.127027 -3.063476 -12.345156 153995.000000 75248.000000 10757.000000 
68.411370 2.298698 -2.662417 49.760668 2.183252 -1.241632 28.395476 3.329402 7.520400 125165.000000 69852.000000 44983.000000 
41.496728 13.121653 15.810194 25.346025 11.046402 11.918244 81.744143 3.463937 19.872853 118151.000000 83939.000000 37910.000000 
44.549287 46.434008 28.894910 76.829804 2.753562 7.868321 18.589605 5.739953 1.140416 84864.000000 78516.000000 76620.000000 
80.096699 0.216866 6.632561 64.358598 3.588110 10.809855 35.858424 5.011472 7.768028 145727.000000 61047.000000 33226.000000 
83.853361 1.778470 4.721711 67.685044 2.712671 5.666081 51.171841 4.624959 8.876306 126685.000000 66142.000000 47173.000000 
91.597102 -0.206217 3.569895 79.942253 -0.492049 5.608862 49.250801 0.755467 8.300279 150287.000000 77800.000000 11913.000000 
39.847622 5.041614 -29.921279 54.941410 2.448560 -26.053694 22.665717 7.392860 -26.817049 162947.000000 42992.000000 34061.000000 
59.736336 0.012384 -2.965645 66.565085 0.392820 -2.546901 52.459298 -0.019179 -3.055265 112930.000000 71136.000000 55934.000000 
62.053569 3.809597 -2.458784 48.588713 4.386253 -2.015340 32.407948 6.245947 8.799695 105318.000000 72469.000000 62213.000000 
30.148915 2.129881 3.746012 90.641930 0.541235 -0.210958 59.867754 1.177471 1.512034 123831.000000 62906.000000 53263.000000 
28.438030 -21.195285 5.451331 5.457945 -6.354822 2.343142 63.341226 -14.794821 6.966653 128572.000000 65174.000000 46254.000000 
71.742901 -0.105935 7.298607 86.106338 -0.086528 5.357356 47.936908 0.324676 6.758444 122539.000000 79745.000000 37716.000000 
74.051801 0.444858 3.082532 55.921171 -0.142198 3.895284 29.117321 -0.560007 0.805391 107819.000000 75111.000000 57070.000000 
38.690729 0.006053 0.741095 78.414033 -0.075938 1.654464 50.066803 -17.657328 28.198153 152301.000000 64229.000000 23470.000000 
58.967598 0.811871 2.170403 45.391325 0.724404 -1.359279 74.537117 0.564541 -0.802516 114725.000000 65019.000000 60256.000000 
82.261508 0.431553 4.407615 24.117442 -2.522038 -4.934434 60.996989 -0.133417 4.160036 101842.000000 70583.000000 67575.000000 
82.526678 1.678859 0.004196 62.926847 2.320655 -2.513537 46.258090 3.009869 -2.160481 94241.000000 81068.000000 64691.000000 
65.765773 0.917856 6.393634 38.876144 -0.531262 11.737230 55.157747 39.985164 18.567265 168862.000000 54038.000000 17100.000000 
55.817766 0.269733 -2.147201 65.734135 0.708562 -1.253179 27.925776 1.558182 15.294567 126408.000000 108403.000000 5189.000000 
30.279412 9.028120 6.368802 61.611984 5.600251 11.583262 81.055280 4.092938 15.955853 151328.000000 60600.000000 28072.000000 
62.448335 4.045519 11.326517 88.121182 0.906973 5.582847 50.783366 50.718868 29.944442 180482.000000 56159.000000 3359.000000 
68.149048 1.404070 6.346735 85.531304 0.578696 5.059125 53.301345 1.249731 7.494959 95912.000000 81237.000000 62851.000000 
18.563506 6.151186 8.418284 42.591073 5.386689 13.114640 70.611521 3.551489 12.508623 97004.000000 95284.000000 47712.000000 
88.013296 1.079549 5.597895 72.312723 1.858512 4.075139 45.958806 2.653021 5.389682 130881.000000 71577.000000 37542.000000 
43.694308 -0.489482 11.527247 71.319889 -1.133820 10.242979 33.445042 0.912946 11.975477 157000.000000 57270.000000 25730.000000 
82.166696 -1.055653 3.710421 59.716687 0.398580 2.073561 64.444227 -10.851221 30.630618 114331.000000 98402.000000 27267.000000 
83.735393 0.475506 4.110760 64.845228 1.823586 6.424293 45.069498 2.960055 4.751438 107960.000000 101703.000000 30337.000000 
68.194414 2.261681 0.228953 36.516976 0.467721 -0.128681 88.415407 -0.803906 2.624771 170103.000000 35781.000000 34116.000000 
48.279169 6.115574 3.246464 30.240058 6.731816 4.231493 74.906665 4.691955 -0.042876 125465.000000 61573.000000 52962.000000 
60.277262 3.411953 11.618014 81.823729 1.829376 9.679691 24.867152 2.344989 5.999989 159121.000000 47570.000000 33309.000000 
69.647135 0.947988 -1.465857 58.314107 1.325210 -1.107136 42.120365 2.004986 0.305044 141001.000000 67741.000000 31258.000000 
24.140326 -1.107417 8.729578 47.083823 -6.101618 8.813578 77.373749 1.104556 3.600910 141538.000000 67143.000000 31319.000000 
48.743415 2.293661 1.891920 15.622655 1.776069 -0.285480 84.569347 2.315632 6.331091 119000.000000 89968.000000 31032.000000 
82.829193 -0.327715 0.675157 64.820469 0.022617 1.591662 38.891861 -1.557712 4.095475 113402.000000 100585.000000 26013.000000 
75.881556 1.406622 10.208701 33.750626 2.611049 14.788289 43.863817 28.016356 32.764410 142785.000000 63881.000000 33334.000000 
84.375008 -0.478393 7.786462 70.798268 -0.712402 7.628588 47.578769 0.256786 20.617884 165555.000000 60890.000000 13555.000000 
67.963114 2.945443 11.790091 88.229473 1.007634 9.478861 37.235745 -3.017952 3.939133 102041.000000 69669.000000 68290.000000 
57.185136 1.484816 21.611495 71.454319 -2.172240 9.408411 37.233522 -4.492790 16.336255 122413.000000 72996.000000 44591.000000 
41.170894 0.036179 -0.093467 73.380903 -0.538773 -0.503599 22.351543 0.037082 -0.070061 141743.000000 52424.000000 45833.000000 
50.637521 3.978773 5.193661 27.824685 4.625139 5.132887 73.521578 2.790426 4.679359 102917.000000 79942.000000 57141.000000 
76.055067 -10.126554 -4.123437 55.638567 -2.214944 -1.018110 30.807312 3.860344 1.552507 131475.000000 59564.000000 48961.000000 
88.181375 3.296476 6.161339 70.506429 6.828215 12.692272 41.955401 9.730787 17.246094 198778.000000 25565.000000 15657.000000 
11.851356 2.155570 1.830779 31.722059 2.790260 2.885265 67.029462 0.402461 0.147581 115796.000000 86774.000000 37430.000000 
54.765593 2.536556 6.569243 83.489333 0.719971 3.397132 34.070101 2.630520 6.644475 137870.000000 70448.000000 31682.000000 
68.972603 -7.799784 33.784359 53.653165 -6.900409 34.971541 84.627656 -8.137604 32.983230 111872.000000 85435.000000 42693.000000 
47.570741 4.373344 8.965049 76.980464 2.026126 9.775050 18.574509 3.080321 4.727798 133997.000000 58173.000000 47830.000000 
88.213748 1.661958 4.596163 64.602816 6.560809 14.610319 33.788763 3.027922 6.114104 122479.000000 94167.000000 23354.000000 
69.007654 -6.551121 42.336187 78.274344 -2.876446 6.325851 59.188880 -12.490503 -1.705757 209249.000000 17559.000000 13192.000000 
48.240959 1.172083 2.328267 29.466319 1.842458 2.758668 62.981256 0.996233 2.511591 103517.000000 70344.000000 66139.000000 
54.913455 0.063885 0.559267 24.348279 2.036811 5.195985 87.526501 1.024445 1.915660 134492.000000 59934.000000 45574.000000 
87.841006 -0.079223 0.129811 71.050738 -1.033523 1.151749 48.283515 -10.508392 15.776576 165933.000000 55351.000000 18716.000000 
82.753060 0.870591 2.569370 61.781232 1.562505 6.973849 25.047644 2.219188 -1.405368 152800.000000 66178.000000 21022.000000 
75.609432 2.768447 11.163020 53.562148 1.294744 8.709816 25.833711 -2.966618 -0.798351 135136.000000 63964.000000 40900.000000 
70.720354 1.205683 1.329485 57.548057 1.218176 1.707925 40.262646 1.402207 1.881423 99619.000000 88844.000000 51537.000000 
82.661480 0.836506 4.980992 62.597173 1.500859 7.685262 39.543460 3.301991 9.648938 132326.000000 65431.000000 42243.000000 
40.632525 1.398339 -5.104528 41.006604 37.833677 27.724722 80.062129 0.015445 -5.609892 204300.000000 30674.000000 5026.000000 
45.692753 -7.430123 -15.841164 27.697119 0.653937 -3.107284 55.945924 7.395116 17.379700 154378.000000 42914.000000 42708.000000 
59.961921 2.060569 7.744403 85.923229 0.762055 5.549031 19.211546 3.681277 -6.252279 111119.000000 84981.000000 43900.000000 
58.762816 -4.312545 -9.751845 84.663489 0.521471 3.632357 33.739785 -2.639554 -7.187979 135066.000000 65293.000000 39641.000000 
65.180835 1.230800 13.893936 83.360379 -0.155094 8.488833 36.000159 2.991262 16.313120 144591.000000 67200.000000 28209.000000 
53.087521 3.607464 14.408668 81.889753 -4.274367 11.645848 65.063170 -21.292587 34.618975 136684.000000 75026.000000 28290.000000 
49.032749 0.372947 2.215312 25.874627 2.834517 3.468941 77.628210 -0.078345 1.791527 131097.000000 56831.000000 52072.000000 
59.606157 1.120080 6.482556 70.802822 2.972375 9.814261 39.852771 0.832610 12.430045 123436.000000 91031.000000 25533.000000 
70.447449 0.620512 9.583244 52.206000 0.498513 7.178890 55.611684 5.290127 24.385679 115741.000000 84590.000000 39669.000000 
78.942074 -0.249320 5.772350 62.502730 -0.613545 8.509270 22.293819 -1.330734 2.933995 123723.000000 103527.000000 12750.000000 
80.129031 -0.370275 3.034162 63.699338 -0.711973 3.048207 32.660872 -1.442802 4.654971 115196.000000 76604.000000 48200.000000 
56.684522 0.646116 -0.238860 83.552728 0.277025 1.088352 40.405929 1.075015 -0.260420 107760.000000 86760.000000 45480.000000 
54.773502 2.182585 7.332121 35.467218 2.593439 6.660306 79.835770 -5.344698 1.035986 108846.000000 90091.000000 41063.000000 
42.332872 3.065033 -4.356113 60.108324 3.346383 -6.073884 25.752775 2.161053 -3.823356 188443.000000 26135.000000 25422.000000 
26.038037 25.105206 5.426471 75.854720 3.570850 3.079198 74.542947 5.085319 54.893931 150279.000000 62123.000000 27598.000000 
19.853114 0.513327 -0.130476 87.106770 0.241524 1.998571 55.830768 -0.435244 9.188850 139145.000000 65920.000000 34935.000000 
66.625659 2.812587 -0.154267 55.000788 3.486648 3.639701 80.125735 1.739002 5.256056 145238.000000 50679.000000 44083.000000 
67.213723 6.038058 51.663633 83.766904 -0.178789 6.224367 44.286543 -4.644438 24.086305 104284.000000 100958.000000 34758.000000 
25.686857 -13.510502 2.999224 67.417036 -6.154243 1.587945 54.507464 47.009766 -4.982763 148391.000000 85724.000000 5885.000000 
16.730426 -0.685340 2.861945 34.890795 -1.081236 3.280084 63.023545 -0.447598 2.086665 132975.000000 80781.000000 26244.000000 
50.287995 4.223353 5.999615 67.993714 2.341513 4.329264 32.412371 6.572697 9.669314 93678.000000 84938.000000 61384.000000 
86.373199 0.477979 6.769161 61.519332 0.736902 8.844798 30.201784 4.214420 12.034298 120259.000000 64086.000000 55655.000000 
41.518044 2.920837 8.223104 19.996971 2.507959 3.356469 80.128791 6.491352 14.241778 130975.000000 57855.000000 51170.000000 
34.855220 1.565068 -2.780098 24.552357 1.179817 -1.914549 53.769822 1.034811 11.580668 145001.000000 89896.000000 5103.000000 
55.013704 4.051767 12.739394 83.574321 0.521487 7.679277 48.906212 55.431254 36.220053 174918.000000 59923.000000 5159.000000 
43.268973 2.082904 5.401257 24.631223 2.497231 4.268593 70.018920 0.882454 5.577172 160853.000000 57422.000000 21725.000000 
83.250529 0.008470 0.093348 69.598813 -0.118215 2.576231 94.561020 -0.001224 -0.037381 110177.000000 88395.000000 41428.000000 
28.494825 -0.589149 -1.920232 82.483278 -0.094345 -3.557994 52.857631 -0.651116 -3.488523 118201.000000 68590.000000 53209.000000 
